15 11287
15 11295
15 11703
15 11898
15 12091
15 12214
15 13284
15 13285
15 13425
15 13700
15 13867
15 13952
15 14091
15 16938
15 17031
15 17040
15 17105
15 17743
15 18927
15 18932
15 3009
15 3077
15 3260
15 3334
15 3411
15 3538
15 3708
18 16777
18 17362
18 17615
18 17788
18 17989
18 18607
18 220012
19 23050
19 300490
19 300501
19 4694
19 4839
19 5021
19 5158
19 5331
19 5428
19 5520
19 5731
19 5976
19 6060
19 6196
19 6370
19 6567
20 20000
20 20001
20 20002
20 20003
20 20006
20 7237
20 7385
20 7512
20 7599
20 7693
20 7768
20 7850
20 7948
20 8072
20 8204
20 8287
20 8384
20 8509
20 8660
20 8876
20 8914
20 8938
20 9043
20 9072
21 15
